# nothing

[/home/will/Downloads/DirectLetter.pdf]
page=1
offset=0
zoom=1
rotate=0
pages-per-row=1
first-page-column=1:2
page-right-to-left=false
position-x=0.45578231292517002
position-y=0.50202515595035291
time=1586920759
jumplist=

[UKcHpmljXKOwXewBzsx7LIMNVPH8OGsHGuAcAl5T7uc=]
page=1
offset=0
zoom=1
rotate=0
pages-per-row=1
first-page-column=1:2
page-right-to-left=false
position-x=0.45578231292517002
position-y=0.50202515595035291
time=1586920759
